1	4	1285	1051250830	.pdf
1	4	1285	109932283	.pdf
1	4	1285	1194498799	.pdf
1	4	1285	1273590826	.pdf
1	4	1285	1333673373	.pdf
1	4	1285	1365611782	.pdf
1	4	1285	143487416	.pdf
1	4	1285	1535302023	.pdf
1	4	1285	1583756022	.pdf
1	4	1285	1639718209	.pdf
1	4	1285	1678379584	.pdf
1	4	1285	1684877778	.pdf
1	4	1285	1748920993	.pdf
1	4	1285	1881497142	.pdf
1	4	1285	195268954	.pdf
1	4	1285	2137660642	.pdf
1	4	1285	226468120	.pdf
1	4	1285	55928984	.pdf
1	4	1285	592013645	.pdf
1	4	1285	606775934	.pdf
1	4	1285	616063544	.pdf
1	4	1285	847110875	.pdf
1	4	1285	935517198	.pdf
